Id	WT30_a	WT30_b	WT30_c	Fluco_a	Fluco_b	Fluco_c	norm.WT30_a	norm.WT30_b	norm.WT30_c	norm.Fluco_a	norm.Fluco_b	norm.Fluco_c	baseMean	WT	Fluco	FoldChange	log2FoldChange	pvalue	padj	dispGeneEst	dispFit	dispMAP	dispersion	betaConv	maxCooks
CNAG_00854	4804	2555	2954	8592	4503	11816	2813	2566	2772	10083	8272	9679	6030.97	2717	9345	3.44	1.782	1.39713568080249e-36	8.9207113219239e-33	0.006	0.029	0.0141	0.0141	TRUE	0.1222
CNAG_00040	10003	7018	6308	16721	9826	22581	5858	7048	5919	19623	18051	18497	12499.45	6275	18724	2.984	1.577	7.81152623826104e-30	2.49382975156484e-26	0.0065	0.0286	0.0138	0.0138	TRUE	0.1415
CNAG_02896	9963	7537	6610	19725	12052	21586	5835	7569	6202	23148	22141	17682	13762.92	6535	20990	3.212	1.683	6.01933762785146e-21	1.28111569179439e-17	0.0192	0.0286	0.0231	0.0231	TRUE	0.2336
CNAG_04804	7041	4582	3846	10703	6479	12628	4124	4602	3609	12560	11903	10344	7856.88	4112	11602	2.822	1.497	9.33219918716666e-21	1.48965229525148e-17	0.0119	0.0288	0.0183	0.0183	TRUE	0.1389
CNAG_01129	4412	2782	2389	6531	4033	7631	2584	2794	2242	7664	7409	6251	4823.98	2540	7108	2.798	1.484	1.9140216804258e-20	2.44420568590375e-17	0.0112	0.0292	0.0182	0.0182	TRUE	0.1366
CNAG_03819	12811	9155	9188	19254	10075	23805	7503	9194	8622	22595	18509	19500	14320.42	8440	20201	2.394	1.259	3.93952709955753e-16	4.19231342177913e-13	0.0106	0.0285	0.0172	0.0172	TRUE	0.1315
CNAG_00519	11906	6993	5562	15376	10918	17592	6973	7023	5219	18044	20057	14410	11954.52	6405	17504	2.732	1.45	2.02464774957497e-13	1.84676798300517e-10	0.0261	0.0286	0.028	0.028	TRUE	0.2218
CNAG_02830	7095	4132	4745	9624	4418	14524	4155	4150	4452	11294	8116	11897	7344.18	4252	10436	2.455	1.296	2.0458824402288e-12	1.63286992260761e-09	0.0195	0.0289	0.0243	0.0243	TRUE	0.4599
CNAG_06644	13181	8066	6800	15778	9857	17090	7719	8101	6381	18516	18108	13999	12137.42	7400	16874	2.28	1.189	3.1826378215349e-11	2.2579047211667e-08	0.0183	0.0286	0.023	0.023	TRUE	0.2723
CNAG_00733	3090	1538	1749	3037	1597	4594	1810	1545	1641	3564	2934	3763	2542.75	1665	3420	2.055	1.039	1.03942388067554e-10	6.6367214781133e-08	0.0106	0.0301	0.0182	0.0182	TRUE	0.1854
CNAG_04747	2590	1538	1318	2474	1783	3292	1517	1545	1237	2903	3276	2697	2195.62	1433	2959	2.063	1.045	1.58698900616782e-10	9.21174982216503e-08	0.0112	0.0304	0.0187	0.0187	TRUE	0.1718
CNAG_02552	2010	1386	1319	2120	1403	2684	1177	1392	1238	2488	2577	2199	1845.12	1269	2421	1.908	0.932	2.94654570629802e-10	1.56780786122607e-07	0.0063	0.0308	0.0152	0.0152	TRUE	0.0861
CNAG_04119	4604	2768	2606	3930	2356	5694	2696	2780	2445	4612	4328	4664	3587.67	2640	4535	1.718	0.781	6.3158293594506e-10	3.10204388154554e-07	0.0025	0.0296	0.0112	0.0112	TRUE	0.0505
CNAG_02297	1856	1233	1220	1825	1510	2652	1087	1238	1145	2142	2774	2172	1759.69	1157	2363	2.041	1.03	6.82686814213171e-10	3.11353950625079e-07	0.0126	0.0309	0.0194	0.0194	TRUE	0.2759
CNAG_07943	548	218	276	467	361	810	321	219	259	548	663	664	445.6	266	625	2.338	1.225	4.85868937551596e-09	2.06818211084463e-06	0.0215	0.039	0.029	0.029	TRUE	0.3825
CNAG_06534	11799	6876	7120	11651	5976	13910	6910	6906	6681	13673	10978	11394	9423.74	6832	12015	1.759	0.815	1.10636129717803e-08	4.41507305155106e-06	0.0073	0.0287	0.0145	0.0145	TRUE	0.178
CNAG_01737	29412	18922	12197	37193	23888	39367	17225	19004	11445	43647	43885	32247	27908.82	15891	39926	2.512	1.329	1.30317958896996e-08	4.89458922092542e-06	0.0447	0.0284	0.0393	0.0393	TRUE	0.7326
CNAG_07485	1427	850	1113	1488	966	1920	836	854	1044	1746	1775	1573	1304.56	911	1698	1.863	0.898	1.79518702486562e-08	6.36792730764833e-06	0.0089	0.0319	0.0175	0.0175	TRUE	0.1943
CNAG_00117	5688	3264	3175	5660	2727	7274	3331	3278	2979	6642	5010	5958	4533.16	3196	5870	1.837	0.877	3.7715444940493e-08	1.26743745234236e-05	0.0112	0.0293	0.0181	0.0181	TRUE	0.172
CNAG_00869	1754	1283	1088	2315	1177	2418	1027	1289	1021	2717	2162	1981	1699.4	1112	2287	2.057	1.04	5.233680681543e-08	1.6708525575826e-05	0.0225	0.031	0.0257	0.0257	TRUE	0.329
CNAG_02918	12793	5665	6071	12464	5784	17884	7492	5689	5697	14627	10626	14650	9796.78	6293	13301	2.114	1.08	7.38510697791078e-08	2.1433594569982e-05	0.0286	0.0287	0.0289	0.0289	TRUE	0.3772
CNAG_06829	9465	5100	3915	11527	8801	10585	5543	5122	3674	13527	16168	8671	8784.18	4780	12789	2.675	1.42	7.85856063107707e-08	2.18160476649683e-05	0.065	0.0288	0.0502	0.0502	TRUE	0.2111
CNAG_04869	1612	1103	1148	1898	1004	2110	944	1108	1077	2227	1844	1728	1488.21	1043	1933	1.855	0.891	9.00775827780108e-08	2.39643902515666e-05	0.0115	0.0314	0.0193	0.0193	TRUE	0.2148
CNAG_07674	848	409	488	801	671	978	497	411	458	940	1233	801	723.19	455	991	2.171	1.118	1.11234070961819e-07	2.84091817236485e-05	0.0268	0.0349	0.0304	0.0304	TRUE	0.2906
CNAG_01475	14347	7359	7543	11030	6423	15362	8402	7391	7078	12944	11800	12584	10033.08	7624	12443	1.632	0.707	1.3072729186993e-07	3.0914583651463e-05	0.0051	0.0287	0.0128	0.0128	TRUE	0.0979
CNAG_06901	609	330	436	581	370	770	357	331	409	682	680	631	514.92	366	664	1.814	0.86	1.26453835377618e-07	3.0914583651463e-05	0.004	0.0375	0.017	0.017	TRUE	0.1208
CNAG_03176	6053	3718	3410	5374	3939	6649	3545	3734	3200	6307	7236	5446	4911.36	3493	6330	1.811	0.857	1.55295959098877e-07	3.54130249587975e-05	0.0127	0.0292	0.019	0.019	TRUE	0.1224
CNAG_06424	1202	720	868	1048	858	1569	704	723	814	1230	1576	1285	1055.48	747	1364	1.823	0.867	2.35161136277878e-07	5.17759950046293e-05	0.0109	0.0328	0.0192	0.0192	TRUE	0.216
CNAG_02503	4098	1911	2252	3344	2463	4207	2400	1919	2113	3924	4525	3446	3054.6	2144	3965	1.848	0.886	2.45136725714131e-07	5.21732664561574e-05	0.0151	0.0298	0.0209	0.0209	TRUE	0.1484
CNAG_02822	4000	2560	2608	4594	2328	4735	2343	2571	2447	5391	4277	3879	3484.58	2454	4516	1.84	0.88	2.90022387526265e-07	5.97352562695227e-05	0.0157	0.0296	0.0209	0.0209	TRUE	0.3513
CNAG_05023	2863	1373	1438	2111	1452	2866	1677	1379	1349	2477	2667	2348	1982.91	1468	2497	1.699	0.765	8.29961139680998e-07	0.000165603183651974	0.0089	0.0306	0.0168	0.0168	TRUE	0.1886
CNAG_02839	303	145	144	238	186	385	177	146	135	279	342	315	232.43	153	312	2.031	1.022	1.07165946398857e-06	0.000207349869017183	0.0107	0.0489	0.0269	0.0269	TRUE	0.2346
CNAG_00818	642	488	551	709	448	1250	376	490	517	832	823	1024	677.02	461	893	1.943	0.958	1.3013127815694e-06	0.000244378885597665	0.0205	0.0353	0.0266	0.0266	TRUE	0.3166
CNAG_02225	867	426	361	1110	1089	866	508	428	339	1303	2001	709	881.16	425	1338	3.142	1.652	2.05839199993789e-06	0.00037550951198867	0.1436	0.0337	0.0858	0.0858	TRUE	0.0995
CNAG_05685	2932	1462	1952	3092	1431	3552	1717	1468	1832	3629	2629	2910	2364.02	1672	3056	1.828	0.87	2.19680187211471e-06	0.000389627220929234	0.0197	0.0302	0.0239	0.0239	TRUE	0.3259
CNAG_00543	3683	1695	1995	2609	1815	3666	2157	1702	1872	3062	3334	3003	2521.72	1910	3133	1.638	0.712	2.57599848707617e-06	0.000444533792972469	0.0082	0.0301	0.0161	0.0161	TRUE	0.156
CNAG_01313	1903	901	1078	1442	1035	1875	1114	905	1012	1692	1901	1536	1360.07	1010	1710	1.689	0.756	3.53163736301371e-06	0.000579299856304798	0.01	0.0317	0.0184	0.0184	TRUE	0.1132
CNAG_00118	981	440	598	744	501	1093	575	442	561	873	920	895	711.06	526	896	1.702	0.767	4.97474824558767e-06	0.000774726037757982	0.0085	0.035	0.0188	0.0188	TRUE	0.2244
CNAG_00456	7264	3809	3016	6202	4417	7201	4254	3825	2830	7278	8114	5899	5366.84	3636	7097	1.951	0.964	5.47971651210884e-06	0.00081114966983959	0.0323	0.0291	0.0322	0.0322	TRUE	0.3717
CNAG_06443	71582	41609	42009	54797	32744	68503	41922	41788	39419	64306	60154	56114	50617.26	41043	60191	1.467	0.552	5.58975496835426e-06	0.00081114966983959	0.0029	0.0283	0.0106	0.0106	TRUE	0.0438
CNAG_07316	3657	2390	1755	3764	2672	3913	2142	2400	1647	4417	4909	3205	3120.01	2063	4177	2.024	1.017	5.9746692215422e-06	0.000847739177323265	0.0387	0.0298	0.036	0.036	TRUE	0.4031
CNAG_00876	471	277	287	1428	774	407	276	278	269	1676	1422	333	709.08	274	1144	4.164	2.058	6.79134853228531e-06	0.000928932452336492	0.2949	0.035	0.1486	0.1486	TRUE	0.725
CNAG_07334	2773	1353	2032	3707	2069	2988	1624	1359	1907	4350	3801	2448	2581.4	1630	3533	2.167	1.116	6.83787396394912e-06	0.000928932452336492	0.0519	0.0301	0.0439	0.0439	TRUE	0.3854
CNAG_06060	4925	2652	3089	4158	2484	4751	2884	2663	2899	4880	4563	3892	3630.16	2815	4445	1.578	0.658	7.40628426970242e-06	0.000985190105459374	0.0071	0.0295	0.0153	0.0153	TRUE	0.1458
CNAG_02440	7541	4917	4785	5737	3525	8467	4416	4938	4490	6733	6476	6936	5664.77	4615	6715	1.455	0.541	8.22666562088717e-06	0.00107198489774213	0.0022	0.0291	0.0104	0.0104	TRUE	0.0457
CNAG_01736	1204	929	1207	1602	1322	1906	705	933	1133	1880	2429	1561	1440.11	924	1957	2.118	1.083	9.0613757523645e-06	0.00115713768357695	0.0508	0.0315	0.0421	0.0421	TRUE	0.217
CNAG_00993	1659	965	1165	1352	979	1788	972	969	1093	1587	1799	1465	1313.95	1011	1617	1.597	0.675	9.45679336200295e-06	0.0011839534434586	0.0067	0.0319	0.0159	0.0159	TRUE	0.1137
CNAG_05533	1533	899	960	1138	846	1583	898	903	901	1335	1554	1297	1147.98	901	1395	1.547	0.63	1.00294027124319e-05	0.00123149492920918	0.0036	0.0324	0.0137	0.0137	TRUE	0.1148
CNAG_05352	3733	2072	2143	2632	1614	3607	2186	2081	2011	3089	2965	2955	2547.75	2093	3003	1.435	0.521	1.0461523989908e-05	0.00126031755991628	9e-04	0.0301	0.0096	0.0096	TRUE	0.0188
CNAG_04782	3076	1800	1886	2336	1621	2986	1801	1808	1770	2741	2978	2446	2257.37	1793	2722	1.517	0.601	1.25439535883096e-05	0.00147047973522092	0.0042	0.0303	0.0132	0.0132	TRUE	0.0964
CNAG_06448	311	246	178	346	316	429	182	247	167	406	581	351	322.37	199	446	2.238	1.162	1.27865763436469e-05	0.00147047973522092	0.0534	0.0431	0.0476	0.0476	TRUE	0.5639
CNAG_05903	2182	1311	1418	1802	1397	2259	1278	1317	1331	2115	2566	1850	1742.78	1309	2177	1.662	0.733	1.48292002361737e-05	0.0016611305878591	0.0131	0.031	0.02	0.02	TRUE	0.252
CNAG_03668	1996	1292	1416	1494	1119	2563	1169	1298	1329	1753	2056	2099	1617.28	1265	1969	1.557	0.639	1.66384618293197e-05	0.00183166515138287	0.0065	0.0312	0.0152	0.0152	TRUE	0.1119
CNAG_01087	5424	2967	2860	4930	3291	4949	3177	2980	2684	5786	6046	4054	4120.9	2947	5295	1.796	0.845	1.70226798787594e-05	0.0018422001868793	0.0241	0.0294	0.0275	0.0275	TRUE	0.515
CNAG_06694	689	435	446	705	591	752	404	437	419	827	1086	616	631.33	420	843	2.004	1.003	1.74420678151245e-05	0.0018561267166595	0.0371	0.0358	0.0375	0.0375	TRUE	0.1345
CNAG_06658	1977	1253	1320	1462	1028	2131	1158	1258	1239	1716	1889	1746	1500.78	1218	1784	1.463	0.549	1.95548200432375e-05	0.00201383106413019	0.0015	0.0314	0.0112	0.0112	TRUE	0.031
CNAG_05592	18717	14171	12445	17477	10586	22430	10962	14232	11678	20510	19448	18373	15867.04	12291	19444	1.582	0.662	2.01312042277555e-05	0.00204028157133681	0.0112	0.0285	0.0173	0.0173	TRUE	0.2334
CNAG_01862	73	30	45	83	54	105	43	30	42	97	99	86	66.29	38	94	2.429	1.281	2.41145232692073e-05	0.00237181005988811	0	0.1007	0.0489	0.0489	TRUE	0.2436
CNAG_02217	645	434	507	673	349	884	378	436	476	790	641	724	574.07	430	718	1.676	0.745	2.41452864358225e-05	0.00237181005988811	0.0102	0.0366	0.0206	0.0206	TRUE	0.1371
CNAG_05258	6581	3164	3270	11950	5752	5154	3854	3178	3068	14024	10567	4222	6485.47	3367	9604	2.852	1.512	3.19548548496378e-05	0.00300046688551378	0.1741	0.029	0.0951	0.0951	TRUE	0.2034
CNAG_01272	5000	2559	2232	3938	2082	5188	2928	2570	2094	4621	3825	4250	3381.44	2531	4232	1.672	0.742	3.33122484839792e-05	0.00307971505401315	0.0176	0.0296	0.0227	0.0227	TRUE	0.2762
CNAG_06065	6259	4025	3162	5615	3717	6212	3666	4042	2967	6589	6828	5089	4863.57	3558	6169	1.733	0.793	3.6125214254029e-05	0.00324872525368979	0.0231	0.0292	0.0264	0.0264	TRUE	0.2874
CNAG_01539	18770	12506	12867	21461	10530	20379	10993	12560	12074	25185	19345	16693	16141.59	11876	20408	1.719	0.781	3.94733540315801e-05	0.00350051896516165	0.0248	0.0285	0.026	0.026	TRUE	0.3737
CNAG_03288	1951	1347	1428	1667	1191	2209	1143	1353	1340	1956	2188	1809	1631.52	1279	1984	1.552	0.634	4.30674389486379e-05	0.00366647463582737	0.0079	0.0312	0.0167	0.0167	TRUE	0.106
CNAG_04606	1330	559	582	931	625	1264	779	561	546	1093	1148	1035	860.43	629	1092	1.733	0.793	4.41497244868927e-05	0.00368457413796424	0.0209	0.0338	0.0259	0.0259	TRUE	0.5281
CNAG_03486	10892	5911	6198	7911	5602	9767	6379	5936	5816	9284	10291	8001	7617.85	6044	9192	1.52	0.604	5.50302946335595e-05	0.00433788186710219	0.0088	0.0288	0.016	0.016	TRUE	0.1575
CNAG_00461	6970	4460	4212	5030	3233	6956	4082	4479	3952	5903	5939	5698	5008.95	4171	5847	1.402	0.487	6.10164736719768e-05	0.00468977184838565	0.0021	0.0292	0.0104	0.0104	TRUE	0.0506
CNAG_06675	3785	2284	2241	2662	1790	3597	2217	2294	2103	3124	3288	2946	2662.03	2205	3119	1.414	0.5	6.169785986913e-05	0.00468977184838565	0.0019	0.03	0.0108	0.0108	TRUE	0.0289
CNAG_02855	5411	3148	3295	3644	2277	5226	3169	3162	3092	4276	4183	4281	3693.78	3141	4247	1.352	0.435	6.25512008268369e-05	0.00469869902681593	0	0.0295	0.0082	0.0082	TRUE	0.0023
CNAG_05889	2894	1525	1357	2400	1668	2545	1695	1532	1273	2816	3064	2085	2077.55	1500	2655	1.768	0.822	6.33834401299843e-05	0.00470585192127848	0.0277	0.0305	0.0299	0.0299	TRUE	0.432
CNAG_04675	929	243	448	1136	582	826	544	244	420	1333	1069	677	714.57	403	1026	2.542	1.346	6.65200211076093e-05	0.00479659681417181	0.1301	0.0349	0.0804	0.0804	TRUE	0.2074
CNAG_05601	2991	1529	1578	2036	1226	2825	1752	1536	1481	2389	2252	2314	1953.95	1590	2318	1.458	0.544	6.68593761098342e-05	0.00479659681417181	0.0037	0.0307	0.0129	0.0129	TRUE	0.098
CNAG_03110	4194	1941	2018	3002	2084	3612	2456	1949	1894	3523	3829	2959	2768.23	2100	3437	1.635	0.709	8.4625407655159e-05	0.00593772777888121	0.0186	0.0299	0.0231	0.0231	TRUE	0.2696
CNAG_01476	2905	1635	1723	2039	1204	3379	1701	1642	1617	2393	2212	2768	2055.45	1653	2458	1.488	0.573	8.71058063685288e-05	0.00604533232242453	0.0062	0.0305	0.0149	0.0149	TRUE	0.1493
CNAG_02049	270	101	96	211	125	314	158	101	90	248	230	257	180.68	116	245	2.089	1.063	9.61567075392068e-05	0.00633905106091258	0.041	0.0548	0.0474	0.0474	TRUE	1.0897
CNAG_06244	4484	1930	1895	3235	2335	3840	2626	1938	1778	3796	4290	3145	2929.01	2114	3744	1.769	0.823	9.40364218747885e-05	0.00633905106091258	0.0339	0.0299	0.0316	0.0316	TRUE	0.3816
CNAG_01952	728	547	422	1093	919	708	426	549	396	1283	1688	580	820.44	457	1184	2.586	1.371	9.89450118458379e-05	0.00644657041464975	0.1477	0.0341	0.0879	0.0879	TRUE	0.197
CNAG_05350	1223	381	525	1244	882	932	716	383	493	1460	1620	763	905.86	531	1281	2.41	1.269	0.000108509582768135	0.00692833685974545	0.1219	0.0335	0.0762	0.0762	TRUE	0.97
CNAG_03719	318	194	254	392	221	363	186	195	238	460	406	297	297.13	206	388	1.876	0.908	0.000126499692467779	0.00784175278064823	0.0308	0.0444	0.0367	0.0367	TRUE	0.3215
CNAG_03199	1239	768	440	1320	1413	1144	726	771	413	1549	2596	937	1165.3	637	1694	2.658	1.41	0.000136696581099207	0.00823403462564565	0.1679	0.0323	0.0975	0.0975	TRUE	0.1887
CNAG_05469	3892	2203	2303	2740	1969	3507	2279	2212	2161	3215	3617	2873	2726.39	2217	3235	1.458	0.544	0.000175027835307079	0.00997814936103302	0.0064	0.03	0.0147	0.0147	TRUE	0.128
CNAG_04939	1955	1089	1329	1511	863	1971	1145	1094	1247	1773	1585	1615	1409.81	1162	1658	1.427	0.513	0.000188010727046051	0.0105302499314828	0.003	0.0316	0.0129	0.0129	TRUE	0.0488
CNAG_05256	3387	2107	2176	5854	3019	2816	1984	2116	2042	6870	5546	2307	3477.39	2047	4908	2.397	1.261	0.000207264727176509	0.0115076981132348	0.1435	0.0296	0.0829	0.0829	TRUE	0.3571
CNAG_05607	13562	6888	4600	11610	8295	11608	7943	6918	4316	13625	15239	9509	9591.47	6392	12791	2.001	1	0.000218767557974572	0.0119387252792106	0.0693	0.0287	0.0527	0.0527	TRUE	0.684
CNAG_04656	4816	2751	2312	4330	3291	4070	2821	2763	2169	5081	6046	3334	3702.34	2584	4820	1.864	0.899	0.000230167188363424	0.0124543855737327	0.0499	0.0295	0.0426	0.0426	TRUE	0.2584
CNAG_02222	3920	2504	2380	3124	1838	3718	2296	2515	2233	3666	3377	3046	2855.35	2348	3363	1.432	0.518	0.000261820273161574	0.0137962347517578	0.0057	0.0299	0.0141	0.0141	TRUE	0.0841
CNAG_04605	8193	4262	5026	6548	4187	7039	4798	4280	4716	7684	7692	5766	5822.83	4598	7047	1.532	0.615	0.000270874771901179	0.0140612635657645	0.014	0.029	0.0204	0.0204	TRUE	0.3102
CNAG_00396	3527	2415	2347	3118	2304	3496	2066	2425	2202	3659	4233	2864	2908.13	2231	3585	1.606	0.684	0.000284109546740406	0.0144879143620798	0.0212	0.0299	0.0252	0.0252	TRUE	0.1925
CNAG_00668	11228	6366	6122	8052	4573	10175	6576	6393	5745	9449	8401	8335	7483.14	6238	8728	1.399	0.485	0.000291158852324154	0.014638183244801	0.0048	0.0289	0.0128	0.0128	TRUE	0.0638
CNAG_02084	7308	4670	5182	6936	3177	8886	4280	4690	4863	8140	5836	7279	5847.93	4611	7085	1.537	0.62	0.000296160278867961	0.0147733076607182	0.0153	0.029	0.021	0.021	TRUE	0.2617
CNAG_02045	355	174	184	260	201	332	208	175	173	305	369	272	250.27	185	315	1.691	0.758	0.000336079191037483	0.0163806537005674	0.0138	0.0474	0.0279	0.0279	TRUE	0.2291
CNAG_05293	2190	1024	1059	1502	921	1886	1283	1028	994	1763	1692	1545	1384.04	1102	1667	1.511	0.595	0.000339282667438758	0.0164115138757309	0.0113	0.0317	0.0191	0.0191	TRUE	0.2523
CNAG_00302	344	198	279	293	188	486	201	199	262	344	345	398	291.57	221	362	1.648	0.72	0.000363427264039481	0.0174472412097149	0.0122	0.0447	0.0258	0.0258	TRUE	0.2896
CNAG_00257	3965	2755	2847	3270	1886	4408	2322	2767	2671	3837	3465	3611	3112.25	2587	3638	1.407	0.493	0.000381914342648363	0.0179926475715025	0.0049	0.0298	0.0135	0.0135	TRUE	0.0984
CNAG_03412	4245	2647	2425	3613	2506	3766	2486	2658	2275	4240	4604	3085	3224.77	2473	3976	1.607	0.684	0.000386059940061996	0.0179926475715025	0.0224	0.0297	0.0264	0.0264	TRUE	0.4708
CNAG_04256	1251	683	663	1016	688	1059	733	686	622	1192	1264	867	894.07	680	1108	1.625	0.7	0.000385308058882653	0.0179926475715025	0.0221	0.0336	0.0269	0.0269	TRUE	0.4406
CNAG_00979	1545	756	829	8167	5236	1225	905	759	778	9584	9619	1003	3774.79	814	6735	8.274	3.049	0.000395641957245261	0.0182111211203965	0.533	0.0295	0.232	0.533	TRUE	6.7708
CNAG_07510	8477	6025	6187	6916	4449	9119	4965	6051	5806	8116	8173	7470	6763.38	5607	7920	1.413	0.498	0.000396451971140972	0.0182111211203965	0.0062	0.0289	0.0141	0.0141	TRUE	0.1232
CNAG_00735	3578	2536	2314	3895	2368	3422	2095	2547	2171	4571	4350	2803	3089.67	2271	3908	1.72	0.783	0.000406410582559146	0.0185352254974296	0.0355	0.0298	0.035	0.035	TRUE	0.7489
CNAG_06294	2451	1613	1601	2581	1824	2232	1435	1620	1502	3029	3351	1828	2127.63	1519	2736	1.8	0.848	0.000419053458617081	0.0188475053646257	0.0503	0.0305	0.0411	0.0411	TRUE	0.8912
CNAG_07613	43	112	154	253	152	429	25	112	145	297	279	351	201.62	94	309	3.307	1.726	0.000521591807485171	0.0224026287056406	0.3235	0.052	0.1717	0.1717	TRUE	3.9139
CNAG_07538	14572	7703	6512	10940	7027	12010	8534	7736	6111	12839	12909	9838	9661.09	7460	11862	1.59	0.669	0.000567848571266978	0.0238533758390767	0.0245	0.0287	0.027	0.027	TRUE	0.3059
CNAG_05784	1168	616	761	1013	759	1022	684	619	714	1189	1394	837	906.18	672	1140	1.692	0.759	0.000587338002050639	0.0245108048568191	0.0343	0.0335	0.0339	0.0339	TRUE	0.2561
CNAG_00594	5891	3233	3202	4102	2293	5301	3450	3247	3005	4814	4212	4342	3845.03	3234	4456	1.378	0.463	0.000602560902723277	0.0249828010642086	0.0045	0.0295	0.0128	0.0128	TRUE	0.06
CNAG_01954	266	189	119	196	277	359	156	190	112	230	509	294	248.37	153	344	2.25	1.17	0.000613059023925201	0.0250921914600155	0.1159	0.0476	0.0794	0.0794	TRUE	0.6171
CNAG_03243	1118	553	604	745	683	1009	655	555	567	874	1255	827	788.74	592	985	1.658	0.729	0.00061099232354355	0.0250921914600155	0.0306	0.0343	0.0313	0.0313	TRUE	0.6626
CNAG_03230	353	254	231	264	251	458	207	255	217	310	461	375	304.11	226	382	1.686	0.753	0.000617930961095184	0.0251305043732022	0.0208	0.044	0.0314	0.0314	TRUE	0.1608
CNAG_07639	3597	2032	2227	2645	1513	3218	2107	2041	2090	3104	2780	2636	2459.43	2079	2840	1.366	0.45	0.000625551533576917	0.0252794084929659	0.0031	0.0302	0.012	0.012	TRUE	0.081
CNAG_02008	9830	4817	5385	6391	3675	9040	5757	4838	5053	7500	6751	7405	6217.36	5216	7219	1.384	0.469	0.000647050112951033	0.0256054405604739	0.0056	0.029	0.0134	0.0134	TRUE	0.1009
CNAG_03531	960	605	722	728	511	1047	562	608	677	854	939	858	749.68	616	884	1.435	0.521	0.000653670604754463	0.0256054405604739	0.0045	0.0346	0.0154	0.0154	TRUE	0.0909
CNAG_08002	5529	3031	3097	3648	2229	4787	3238	3044	2906	4281	4095	3921	3580.9	3063	4099	1.338	0.42	0.000660566895223163	0.0257178025975603	0.002	0.0296	0.0107	0.0107	TRUE	0.0308
CNAG_05578	3417	749	1204	2144	1497	3653	2001	752	1130	2516	2750	2992	2023.62	1294	2753	2.125	1.088	0.000714164055018159	0.0274466858097013	0.1253	0.0306	0.0739	0.0739	TRUE	1.5771
CNAG_01879	1929	1333	1356	1458	1088	2030	1130	1339	1272	1711	1999	1663	1518.92	1247	1791	1.435	0.522	0.00073240585378824	0.0278016788722925	0.0078	0.0314	0.0165	0.0165	TRUE	0.1213
CNAG_06242	3868	1897	2206	2670	1465	3555	2265	1905	2070	3133	2691	2912	2496.2	2080	2912	1.4	0.485	0.000743112647159836	0.0279104367771503	0.006	0.0301	0.0145	0.0145	TRUE	0.0743
CNAG_04253	2069	1305	1201	1789	1128	1818	1212	1311	1127	2099	2072	1489	1551.7	1217	1887	1.55	0.632	0.000785266829787366	0.0289822468681638	0.0185	0.0313	0.0249	0.0249	TRUE	0.417
CNAG_05965	1088	431	488	674	461	982	637	433	458	791	847	804	661.7	509	814	1.594	0.673	0.000815280825749556	0.0296431924306334	0.0222	0.0355	0.0275	0.0275	TRUE	0.5817
CNAG_06250	422	271	253	341	250	411	247	272	237	400	459	337	325.47	252	399	1.574	0.655	0.000817102876709708	0.0296431924306334	0.0114	0.043	0.0243	0.0243	TRUE	0.1415
CNAG_00583	10965	6639	6330	7422	4318	10703	6422	6668	5940	8710	7933	8767	7406.48	6343	8470	1.336	0.417	0.000864508295172735	0.0311857935857509	0.003	0.0289	0.0112	0.0112	TRUE	0.0377
CNAG_00933	683	180	297	476	337	623	400	181	279	559	619	510	424.58	287	563	1.956	0.968	0.000890602176116406	0.0315916383027958	0.0742	0.0395	0.0586	0.0586	TRUE	0.5482
CNAG_06460	5164	2520	2716	3337	2280	4228	3024	2531	2549	3916	4189	3463	3278.62	2701	3856	1.426	0.512	0.000890239972658169	0.0315916383027958	0.0094	0.0297	0.0168	0.0168	TRUE	0.134
CNAG_02231	2149	1035	1304	1432	984	1879	1259	1039	1224	1681	1808	1539	1424.84	1174	1676	1.425	0.511	0.000899182597412418	0.0317197838921452	0.0072	0.0316	0.0164	0.0164	TRUE	0.1194
CNAG_06899	10032	5010	5830	6439	4403	8409	5875	5032	5471	7556	8089	6888	6485.12	5459	7511	1.375	0.46	0.000960370866382824	0.0335080217587668	0.006	0.029	0.0138	0.0138	TRUE	0.0645
CNAG_04210	4117	2016	2646	3149	1737	3729	2411	2025	2483	3695	3191	3055	2809.96	2306	3314	1.437	0.523	0.000978648145268287	0.0339601543887936	0.0103	0.0299	0.0177	0.0177	TRUE	0.1375
CNAG_01739	2176	1132	1216	1416	878	1877	1274	1137	1141	1662	1613	1538	1394.09	1184	1604	1.353	0.437	0.00100995731044099	0.0346697711137942	0.0024	0.0317	0.012	0.012	TRUE	0.0547
CNAG_02361	5444	2608	2491	3773	1981	4980	3188	2619	2337	4428	3639	4079	3381.89	2715	4049	1.491	0.576	0.00103428451415585	0.0353150086785301	0.017	0.0296	0.0219	0.0219	TRUE	0.2845
CNAG_03437	960	370	584	626	441	1030	562	372	548	735	810	844	645.05	494	796	1.61	0.687	0.00105665439687991	0.0358869059791395	0.0258	0.0357	0.0301	0.0301	TRUE	0.5407
CNAG_02605	1974	1201	1155	1517	1005	1712	1156	1206	1084	1780	1846	1402	1412.49	1149	1676	1.458	0.544	0.00108646922210611	0.036704264461098	0.0116	0.0316	0.0192	0.0192	TRUE	0.251
CNAG_07337	1825	1032	963	1295	950	1538	1069	1036	904	1520	1745	1260	1255.62	1003	1508	1.501	0.586	0.00114430409645196	0.0382533070986688	0.0155	0.032	0.0226	0.0226	TRUE	0.1568
CNAG_00436	3052	1779	1723	2003	1324	2663	1787	1787	1617	2351	2432	2181	2025.86	1730	2321	1.341	0.423	0.00118650475237408	0.0392087406817043	0.0024	0.0306	0.0117	0.0117	TRUE	0.0396
CNAG_01183	2780	1946	1757	2269	1387	2707	1628	1954	1649	2663	2548	2217	2109.9	1744	2476	1.42	0.506	0.00119589642450267	0.0392087406817043	0.0091	0.0305	0.0171	0.0171	TRUE	0.1343
CNAG_00537	2266	1269	1148	1509	1238	1961	1327	1274	1077	1771	2274	1606	1555.05	1226	1884	1.534	0.617	0.00121782905382884	0.0392719116600867	0.0218	0.0313	0.0256	0.0256	TRUE	0.3901
CNAG_02674	2422	1602	1846	2125	1184	2531	1418	1609	1732	2494	2175	2073	1916.95	1586	2247	1.417	0.503	0.00130884867617967	0.0411674817606264	0.0089	0.0307	0.0171	0.0171	TRUE	0.1119
CNAG_05898	1259	376	563	830	588	1064	737	378	528	974	1080	872	761.51	548	975	1.776	0.829	0.0014272388397977	0.0438121153466745	0.058	0.0345	0.0472	0.0472	TRUE	0.5673
CNAG_02768	1547	582	553	1198	1321	981	906	585	519	1406	2427	804	1107.62	670	1546	2.303	1.204	0.00145584210525699	0.0444763246031859	0.1872	0.0325	0.102	0.102	TRUE	0.2019
CNAG_04107	1317	576	584	968	641	990	771	578	548	1136	1178	811	837.05	632	1042	1.642	0.715	0.00150211461223313	0.0450494832806573	0.035	0.034	0.0353	0.0353	TRUE	0.4568
CNAG_05186	609	344	381	430	269	576	357	345	358	505	494	472	421.71	353	490	1.386	0.471	0.00150375643150772	0.0450494832806573	0	0.0396	0.0134	0.0134	TRUE	0.0136
CNAG_01232	5631	2898	2555	3700	2206	4876	3298	2910	2397	4342	4053	3994	3499.11	2868	4130	1.439	0.525	0.00156243292573762	0.0461858066242349	0.013	0.0296	0.0196	0.0196	TRUE	0.2507
CNAG_05847	14132	6716	7256	9779	4921	13291	8276	6745	6809	11476	9040	10887	8872.27	7277	10468	1.439	0.525	0.00161022691178306	0.0473792572891005	0.0143	0.0288	0.0198	0.0198	TRUE	0.1769
CNAG_01211	9792	4826	5401	6416	4152	7846	5735	4847	5068	7529	7628	6427	6205.59	5217	7195	1.379	0.463	0.00166641455494871	0.0488076006116858	0.008	0.029	0.0155	0.0155	TRUE	0.1069
CNAG_05310	486	197	169	356	299	362	285	198	159	418	549	297	317.44	214	421	1.959	0.97	0.00168212247289374	0.0488197817701204	0.0853	0.0433	0.0652	0.0652	TRUE	0.1408
CNAG_06613	2934	1666	1992	1997	1252	2743	1718	1673	1869	2344	2300	2247	2025.2	1753	2297	1.31	0.389	0.00167862118737347	0.0488197817701204	0.0014	0.0306	0.0105	0.0105	TRUE	0.0399
CNAG_04531	6335	2114	2768	4101	3414	4710	3710	2123	2597	4813	6272	3858	3895.54	2810	4981	1.771	0.825	0.00175090552347845	0.049632397100586	0.0714	0.0294	0.0498	0.0498	TRUE	0.3145
CNAG_06712	3752	2510	2967	3040	2325	3897	2197	2521	2784	3568	4271	3192	3088.88	2501	3677	1.47	0.556	0.00173879508063669	0.049632397100586	0.0175	0.0298	0.0223	0.0223	TRUE	0.2407
